image: anderes_labor.pgm
resolution: 0.050000
origin: [-16.011858, -4.297751, 0.000000]
negate: 0
occupied_thresh: 0.65
free_thresh: 0.196

