image: labor_und_gaenge.pgm
resolution: 0.050000
origin: [-30.987123, -16.215931, 0.000000]
negate: 0
occupied_thresh: 0.65
free_thresh: 0.196

