image: pt.pgm
resolution: 0.030000
origin: [-20.010000, -32.490000, 0.000000]
negate: 0
occupied_thresh: 0.65
free_thresh: 0.196

